# oST version 5.0 parameters


[image]

width
320

height
240

[narrow_stereo]

camera matrix
160.119847 0.000000 165.418324
0.000000 160.277476 124.212011
0.000000 0.000000 1.000000

distortion
-0.249572 0.051033 -0.003704 -0.001822 0.000000

rectification
1.000000 0.000000 0.000000
0.000000 1.000000 0.000000
0.000000 0.000000 1.000000

projection
115.593613 0.000000 162.950460 0.000000
0.000000 133.334412 124.107522 0.000000
0.000000 0.000000 1.000000 0.000000

